-7.44 -44.94
39.11 65.07
21.56 34.09
-30.00 65.70
74.56 -37.74
-62.03 64.02
-40.02 -38.40
-95.37 -17.79
-97.81 49.70
-24.82 4.38
-105.96 64.56
-20.96 -92.70
10.35 9.59
78.04 65.08
58.25 64.16
-72.82 -47.14
-55.49 29.23
-0.76 34.99
-36.04 82.40
55.49 51.44
-86.31 -53.28
124.96 -9.70
-61.82 -53.74
44.61 -31.06
41.11 -84.38
-32.49 26.64
59.73 -58.18
39.62 69.58
-68.65 -60.47
52.10 -10.99
88.94 -10.14
81.37 20.62
5.63 46.28
19.14 8.80
37.78 -60.74
24.56 1.54
-17.22 63.28
-28.04 -93.37
-43.88 -63.50
-70.21 30.66
-58.15 -70.69
-2.15 -17.67
-53.25 -18.48
94.73 64.09
53.00 40.20
51.57 27.90
24.94 125.23
70.63 -69.75
7.52 3.30
-92.00 94.04
2.23 -96.18
-45.99 -77.36
-22.92 -73.59
-43.35 -6.58
42.47 -69.99
72.84 10.41
89.98 -55.35
6.68 14.97
-82.49 -23.14
31.61 33.77
-123.61 14.70
-53.47 -27.88
-58.77 46.80
-74.13 -36.52
-16.68 -103.57
23.96 5.74
-40.04 -6.35
-3.90 87.24
-7.55 93.19
6.35 20.83
3.34 -31.68
27.15 -82.31
25.15 19.18
-14.53 26.20
71.34 15.71
39.03 -3.57
-64.94 17.08
-34.91 -129.37
68.31 -36.60
80.29 -33.49
84.12 42.04
-27.52 -18.01
-23.42 -1.27
-43.34 -36.63
-6.90 88.49
-27.43 -22.23
-73.41 8.39
80.80 69.96
49.56 -61.40
-98.43 -8.95
-46.18 -59.59
-26.95 -105.13
71.28 71.93
-33.96 20.52
7.81 109.84
-67.39 -108.91
-92.94 -30.11
-82.47 67.45
-38.12 13.45
-1.91 -39.96
