100
-45.37 -4.03 75.52
26.34 -71.20 128.69
22.23 33.66 1.13
-47.91 54.05 342.99
82.83 11.10 325.52
47.33 -75.54 192.03
-36.97 -41.34 355.62
-13.58 -96.06 288.61
95.23 54.48 123.29
-2.90 -25.04 266.59
-91.40 -83.92 286.09
27.85 -90.87 330.22
-11.61 -8.01 188.22
81.84 -60.23 76.18
-2.73 86.62 315.96
78.48 -36.95 238.13
-62.50 5.26 337.03
1.96 34.94 4.46
41.66 -79.71 176.03
75.60 3.01 40.55
-91.69 43.37 57.00
-95.13 -81.60 134.94
35.54 -73.80 285.29
-30.22 -45.18 88.93
84.93 -39.97 321.18
-39.39 14.62 341.01
-76.51 33.15 159.18
2.68 80.02 332.26
-40.70 81.93 104.96
39.50 -35.70 30.20
13.02 88.56 271.86
-49.92 -67.49 140.71
-27.00 -38.01 208.45
15.31 -14.47 68.08
-61.52 -36.50 91.20
-21.90 11.22 210.72
38.53 53.07 51.20
-96.96 -10.11 67.33
-43.85 63.52 110.74
74.43 18.17 142.69
62.84 -66.55 277.20
-7.61 16.09 147.75
-46.58 31.74 53.41
-75.62 85.81 262.69
-3.18 66.44 304.44
50.70 29.45 358.26
-85.58 -94.77 210.82
52.94 83.97 257.59
3.54 7.41 319.21
88.52 97.32 86.66
-95.76 -9.25 85.81
12.70 89.10 157.38
51.66 57.20 204.79
37.79 22.23 158.17
-67.58 -46.20 86.89
-38.57 62.66 246.52
91.67 -52.50 358.20
16.26 -2.10 73.33
75.40 -40.67 224.01
22.15 -40.61 108.28
-92.19 83.65 35.44
-52.17 30.24 57.64
-9.08 74.58 44.53
56.89 -59.94 252.72
48.81 92.86 198.58
0.94 24.62 285.65
6.48 -40.02 269.82
76.89 41.40 64.26
92.45 13.94 86.06
3.81 -21.44 152.98
-11.77 29.60 164.33
54.97 -67.01 338.89
18.71 25.50 343.61
-29.92 1.55 301.98
64.88 33.57 345.06
3.71 -39.02 79.35
67.12 -2.07 167.03
-97.73 91.68 118.07
69.39 34.50 305.38
86.74 6.69 332.95
-86.72 -36.37 183.80
7.89 31.93 137.09
23.38 1.83 178.63
-26.28 50.30 102.62
12.98 -87.80 176.05
-34.90 5.35 47.74
66.18 -32.85 199.88
97.68 -43.38 64.83
45.23 64.66 253.88
-97.48 -16.30 355.70
74.68 10.33 224.35
-80.45 72.84 117.78
-85.92 53.60 257.22
32.97 22.07 115.06
99.43 -47.33 111.39
-86.71 94.26 105.64
-13.75 96.72 99.86
60.42 -87.75 196.17
16.58 -36.87 226.35
-38.98 8.98 100.24
