100
0
680700
524900
7300
365800
893000
127200
754400
87800
792300
770900
444000
816500
449200
304200
798700
250300
232700
172900
884000
261200
430300
316900
770900
715700
956000
93300
309900
27800
181600
533500
909700
782600
351200
926700
381000
763300
97900
914900
657900
882100
196700
67200
139300
933600
548500
174500
522800
409100
19400
635700
500100
115300
670800
794400
566800
149000
812400
219600
953000
90300
772200
466600
854900
802400
780100
685300
97700
740800
822800
493300
29800
898100
863500
801300
386500
981400
906300
453600
942500
166900
411500
9400
562900
650100
651700
419500
10500
40400
945100
429800
218800
112300
950500
688200
675200
156600
671600
33700
443800
